2,117
2,114
2,110
2,106
2,105
2,104
2,102
2,100
2,98
2,97
2,93
2,89
2,88
2,87
2,86
2,85
2,84
2,83
2,81
2,80
2,79
2,78
2,77
2,76
2,75
2,74
2,73
2,72
2,71
2,69
2,68
2,67
2,66
2,65
2,64
2,35
2,34
2,33
2,32
2,31
2,30
2,29
2,28
2,27
2,26
2,25
2,24
2,23
2,22
2,21
2,20
2,18
2,17
2,16
2,14
2,12
2,11
2,10
2,9
2,8
2,7
2,5
2,3
2,2
2,1
2,0
1,7
1,6
1,5
1,4
1,3
1,2
1,0
0,689
0,561
0,560
0,546
0,545
0,543
0,542
0,524
0,503
0,493
0,485
0,482
0,467
0,455
0,454
0,453
0,452
0,451
0,448
0,447
0,446
0,445
0,438
0,433
0,428
0,427
0,425
0,379
0,371
0,363
0,362
0,361
0,337
0,336
0,321
0,312
0,243
0,9
0,0
0,1
0,323
0,356
0,332
0,411
0,536
0,507
0,506
0,505
0,504
0,439
0,430
0,329
0,450
0,456
0,413
0,489
0,460
0,407
0,300
0,550
0,299
0,567
0,298
0,310
0,297
0,530
0,296
0,529
0,295
0,346
0,294
0,541
0,293
0,374
0,292
0,372
0,291
0,343
0,290
0,385
0,289
0,512
0,288
0,572
0,287
0,533
0,286
0,426
0,285
0,423
0,284
0,544
0,283
0,537
0,282
0,281
0,348
0,280
0,422
0,279
2,121
2,122
2,124
2,125
2,127
2,129
2,131
2,133
2,134
2,136
2,137
2,151
3,3
3,4
3,6
4,3
856,1
856,2
859,0
859,2
859,3
866,0
866,1
866,3
866,5
868,0
868,2
868,3
868,5
870,0
870,2
870,4
870,5
873,1
873,2
873,4
874,0
874,1
874,3
874,4
875,0
875,1
875,3
876,0
876,1
876,3
876,4
877,1
877,3
878,0
878,2
878,3
879,0
879,2
879,3
885,1
885,2
886,0
886,1
886,3
886,2
885,3
885,0
879,1
878,4
878,1
877,2
877,0
876,2
875,4
875,2
874,5
874,2
873,5
873,3
873,0
870,3
870,1
868,4
868,1
866,4
866,2
859,4
859,1
856,3
856,0
3,5
3,2
2,150
2,135
2,132
2,130
2,126
2,123
0,369
0,278
0,277
0,557
0,276
0,570
0,275
0,392
0,274
0,365
0,273
0,532
0,272
0,421
0,271
0,396
0,270
0,380
0,269
0,518
0,268
0,395
0,267
0,397
0,266
0,553
0,265
0,378
0,264
0,558
0,263
0,325
0,262
0,403
0,261
0,386
0,260
0,531
0,259
0,520
0,258
0,341
0,257
0,554
0,256
0,571
0,255
0,420
0,254
0,253
0,368
0,252
0,511
0,251
0,419
0,250
0,249
0,384
0,248
0,364
0,247
0,402
0,246
0,377
0,245
0,565
0,244
0,564
0,242
0,548
0,241
0,552
0,240
0,406
0,239
0,435
0,238
0,391
0,237
0,401
0,236
0,387
0,235
0,562
0,234
0,389
0,233
0,394
0,232
0,434
0,231
0,230
0,370
0,229
0,549
0,228
0,519
0,227
0,358
0,226
0,418
0,225
0,375
0,224
0,412
0,223
0,417
0,222
0,400
0,221
0,405
0,220
0,514
0,219
0,390
0,218
0,527
0,217
0,416
0,216
0,523
0,215
0,432
0,214
0,398
0,213
0,431
0,212
0,367
0,211
0,399
0,210
0,410
0,209
0,342
0,208
0,373
0,207
0,575
0,206
0,205
0,517
0,204
0,352
0,203
0,404
0,202
0,388
0,201
0,534
0,200
0,526
0,199
0,528
0,198
0,551
0,197
0,351
0,196
0,195
0,194
0,193
0,192
0,63
0,62
0,61
0,60
0,59
0,58
0,57
0,56
0,55
0,54
0,574
0,53
0,52
0,51
0,50
0,366
0,49
0,568
0,48
0,563
0,47
0,354
0,46
0,516
0,45
0,547
0,6
0,5
0,304
0,303
0,306
0,305
0,302
0,437
0,12
0,424
0,10
0,459
0,8
0,429
0,11
0,4
0,2
0,3
0,7
