916,5
916,4
916,3
916,2
916,1
916,0
912,4
912,3
912,2
912,1
912,0
911,3
911,2
911,1
911,0
908,3
908,2
908,1
908,0
907,4
907,3
907,2
907,1
907,0
906,4
906,3
906,2
906,1
906,0
905,5
905,4
905,3
905,2
905,1
905,0
904,5
904,4
904,3
904,2
904,1
904,0
901,5
901,4
901,3
901,2
901,1
901,0
899,5
899,4
899,3
899,2
899,1
899,0
897,5
897,4
897,3
897,2
897,1
897,0
890,4
890,3
890,2
890,1
890,0
887,3
887,2
887,1
887,0
4,3
3,6
3,5
3,4
3,3
3,2
2,151
2,150
2,136
2,135
2,134
2,133
2,132
2,131
2,130
2,129
2,127
2,126
2,125
2,124
2,123
2,121
2,117
2,114
2,110
2,106
2,105
2,104
2,102
2,100
2,98
2,97
2,93
2,89
2,88
2,87
2,86
2,85
2,84
2,83
2,81
2,80
2,79
2,78
2,77
2,76
2,75
2,74
2,73
2,72
2,71
2,69
2,68
2,67
2,66
2,65
2,64
2,35
2,34
2,33
2,32
2,31
2,30
2,29
2,28
2,27
2,26
2,25
2,24
2,23
2,22
2,21
2,20
2,18
2,17
2,16
2,14
2,12
2,11
2,10
2,9
2,8
2,7
2,5
2,3
2,2
2,1
2,0
1,7
1,6
1,5
1,4
1,3
1,2
1,0
0,689
0,561
0,560
0,546
0,545
0,543
0,542
0,524
0,503
0,493
0,485
0,482
0,468
0,467
0,455
0,454
0,453
0,452
0,451
0,448
0,447
0,446
0,445
0,438
0,433
0,428
0,427
0,425
0,371
0,363
0,362
0,361
0,338
0,337
0,336
0,321
0,312
0,243
0,9
0,0
0,1
917,0
917,1
917,3
918,0
918,2
918,3
919,0
919,2
919,3
919,1
918,4
918,1
917,2
0,357
0,356
0,332
0,411
0,536
0,507
0,506
0,505
0,504
0,439
0,430
0,330
0,329
0,450
0,456
0,413
0,489
0,460
0,407
0,300
0,299
0,567
0,298
0,310
0,297
0,530
0,296
0,529
0,295
0,346
0,294
0,541
0,293
0,374
0,292
0,291
0,290
0,385
0,289
0,288
0,287
0,286
0,285
0,284
0,283
0,282
0,281
0,280
0,279
0,278
0,277
0,276
0,275
0,274
0,273
0,272
0,271
0,270
0,269
0,268
0,267
0,266
0,265
0,264
0,263
0,262
0,261
0,260
0,259
0,258
0,257
0,256
0,255
0,254
0,253
0,252
0,251
0,250
0,249
0,248
0,247
0,246
0,245
0,244
0,242
0,241
0,240
0,239
0,238
0,237
0,236
0,235
0,234
0,233
0,232
0,231
0,230
0,229
0,228
0,227
0,226
0,225
0,224
0,223
0,222
0,221
0,220
0,219
0,218
0,217
0,216
0,215
0,214
0,213
0,212
0,211
0,210
0,209
0,208
0,207
0,206
0,205
0,204
0,203
0,202
0,201
0,200
0,199
0,198
0,197
0,196
0,195
0,194
0,193
0,192
0,63
0,62
0,61
0,60
0,59
0,58
0,57
0,56
0,55
0,54
0,53
0,52
0,51
0,521
0,50
0,49
0,48
0,47
0,354
0,46
0,516
0,45
0,547
0,6
0,5
0,304
0,303
0,306
0,305
0,302
0,437
0,12
0,424
0,10
0,459
0,8
0,429
0,11
0,4
0,2
0,3
0,7
